## The groups of type F4 #####################################################
##
## We include the complete script which works for q odd and can be modified by changing q.
## The code for q even is similar, only the construction of the group differs slightly.
## This is followed by explicit matrices x which, along with y, produce Hurwitz generating triples for the appropriate q in the paper.

q:=3;;
Z:=PrimitiveElement(GF(q));;

I:=ScalarMatrix(GF(q),26,1);;
phiA:=Matrix(GF(q),26,26,[<1,2,1>,<6,8,1>,<7,10,1>,<9,12,1>,<11,13,2>,<11,14,1>,<13,15,1>,<16,17,1>,<18,19,1>,<20,21,1>,<25,26,1>,<11,15,1>]);;
phiB:=Matrix(GF(q),26,26,[<2,3,1>,<4,6,1>,<5,7,1>,<9,11,1>,<12,13,1>,<12,14,2>,<14,16,1>,<15,17,1>,<19,22,1>,<21,23,1>,<24,25,1>,<12,16,1>]);;
phiC:=Matrix(GF(q),26,26,[<3,4,1>,<7,9,1>,<10,12,1>,<16,18,1>,<17,19,1>,<23,24,1>]);;
phiD:=Matrix(GF(q),26,26,[<4,5,1>,<6,7,1>,<8,10,1>,<18,20,1>,<19,21,1>,<22,23,1>]);;

xA:=I+phiA;xA:=GL(26,q)!xA;
xB:=I+phiB;xB:=GL(26,q)!xB;
xC:=I+phiC;xC:=GL(26,q)!xC;
xD:=I+phiD;xD:=GL(26,q)!xD;

hA:=GL(26,q)!DiagonalMatrix(GF(q),26,[Z,Z^(-1),1,1,1,Z,Z,Z^(-1),Z,Z^(-1),Z^2,Z^(-1),1,1,Z^(-2),Z,Z^(-1),Z,Z^(-1),Z,Z^(-1),1,1,1,Z,Z^(-1)]);

h2BC:=GL(26,q)!DiagonalMatrix(GF(q),26,[1,Z,1,1,Z,Z^(-1),1,1,1,Z,Z^(-1),Z,1,1,Z,Z^(-1),1,Z^(-1),1,1,Z,Z^(-1),1,1,Z^(-1),1]);

n:=GL(26,q)!Matrix(GF(q),26,26,[<1,5,1>,<4,7,1>,<5,9,1>,<6,10,1>,<7,12,1>,<9,20,1>,<11,21,1>,<13,14,1>,
<18,23,1>,<19,16,1>,<20,24,1>,<21,18,1>,<22,17,1>,<23,19,1>,<24,25,1>,<25,26,1>,<26,22,1>,
<2,1,-1>,<3,2,-1>,<8,3,-1>,<10,4,-1>,<12,11,-1>,<14,13,-1>,<14,14,-1>,<15,6,-1>,<16,15,-1>,<17,8,-1>]);;
y:=n^4;;

x:=h2BC^(Floor((q-1)/2));
S:=sub<GL(26,q)|xA,xB,xC,xD,x>;;

if q mod 7 eq 0 then
	while Order(x*y) ne 7 or Dimension(Fix(GModule(sub<GL(26,q)|x*y>))) ne 4 do x:=x^Random(S); end while;
	H:=sub<GL(26,q)|x,y>;
else
	while Order(x*y) ne 7 or Dimension(Fix(GModule(sub<GL(26,q)|x*y>))) ne 2 do x:=x^Random(S); end while;
	H:=sub<GL(26,q)|x,y>;
end if;

## Other commands that are utilised are:
## "Dimension(Fix(GModule(sub<G|x>)));"
## For a semisimple element x contained in G, to determine the dimension of the fixed point space.
## In practice it is best to coerce x into a known overgroup (such as GL) so that Magma does not test membership (as this can be very time consuming).
##
## For unipotent elements we use:
## "#InvariantFactors(x);"
##
## To determine that H contains an element of order 5:
## "RandomElementOfOrder(H,5);"
##
## We use
## "A,B:=Meataxe(GModule(H));"
## in the case q=3 to produce a (hopefully) irreducible 25-dimensional subquotient module.
##
## The following are elements x which in conjunction with the above y produce Hurwitz generating triples.
##
################################
##
## G = F4(3)
##

x:=GL(26, GF(3)) ! Matrix(GF(3), 26, 26, \[
1, 1, 1, 1, 0, 1, 0, 0, 0, 1, 1, 2, 1, 2, 2, 1, 0, 0, 0, 0, 0, 2, 2, 1, 1, 2,
0, 2, 1, 1, 0, 0, 1, 1, 1, 1, 0, 1, 2, 1, 2, 1, 1, 1, 2, 0, 1, 1, 2, 2, 0, 2,
0, 0, 1, 0, 2, 1, 1, 2, 1, 2, 2, 2, 0, 0, 1, 0, 1, 1, 2, 1, 1, 2, 1, 1, 1, 1,
0, 0, 0, 1, 1, 2, 2, 1, 2, 1, 1, 1, 0, 0, 1, 2, 2, 1, 1, 2, 2, 0, 2, 2, 2, 1,
0, 0, 0, 0, 2, 0, 1, 0, 1, 2, 0, 2, 2, 1, 1, 2, 1, 2, 1, 1, 1, 1, 0, 2, 2, 2,
0, 0, 0, 0, 0, 2, 2, 2, 2, 2, 0, 2, 0, 0, 0, 1, 2, 1, 1, 0, 2, 1, 1, 1, 2, 0,
0, 0, 0, 0, 0, 0, 1, 0, 0, 1, 1, 0, 0, 0, 2, 0, 2, 1, 2, 0, 2, 2, 1, 1, 2, 0,
0, 0, 0, 0, 0, 0, 0, 1, 0, 1, 0, 1, 0, 0, 0, 2, 0, 2, 0, 0, 0, 2, 2, 2, 0, 0,
0, 0, 0, 0, 0, 0, 0, 0, 1, 0, 2, 1, 0, 0, 1, 2, 1, 1, 1, 0, 2, 1, 1, 1, 2, 0,
0, 0, 0, 0, 0, 0, 0, 0, 0, 2, 0, 0, 2, 1, 1, 1, 1, 1, 2, 1, 1, 2, 2, 1, 2, 0,
0, 0, 0, 0, 0, 0, 0, 0, 0, 0, 2, 0, 1, 2, 2, 2, 2, 2, 2, 0, 0, 2, 1, 2, 2, 1,
0, 0, 0, 0, 0, 0, 0, 0, 0, 0, 0, 2, 1, 2, 2, 2, 1, 2, 0, 2, 2, 1, 2, 0, 1, 2,
0, 0, 0, 0, 0, 0, 0, 0, 0, 0, 0, 0, 1, 0, 1, 0, 1, 0, 1, 0, 0, 1, 0, 0, 1, 1,
0, 0, 0, 0, 0, 0, 0, 0, 0, 0, 0, 0, 0, 1, 0, 2, 1, 2, 1, 0, 0, 0, 0, 0, 2, 2,
0, 0, 0, 0, 0, 0, 0, 0, 0, 0, 0, 0, 0, 0, 2, 0, 1, 0, 1, 0, 0, 0, 1, 1, 0, 2,
0, 0, 0, 0, 0, 0, 0, 0, 0, 0, 0, 0, 0, 0, 0, 2, 2, 0, 0, 1, 1, 1, 1, 1, 1, 1,
0, 0, 0, 0, 0, 0, 0, 0, 0, 0, 0, 0, 0, 0, 0, 0, 1, 0, 0, 0, 2, 1, 1, 1, 2, 0,
0, 0, 0, 0, 0, 0, 0, 0, 0, 0, 0, 0, 0, 0, 0, 0, 0, 2, 2, 2, 2, 2, 2, 2, 2, 1,
0, 0, 0, 0, 0, 0, 0, 0, 0, 0, 0, 0, 0, 0, 0, 0, 0, 0, 1, 0, 1, 2, 2, 2, 1, 0,
0, 0, 0, 0, 0, 0, 0, 0, 0, 0, 0, 0, 0, 0, 0, 0, 0, 0, 0, 1, 1, 0, 1, 1, 1, 0,
0, 0, 0, 0, 0, 0, 0, 0, 0, 0, 0, 0, 0, 0, 0, 0, 0, 0, 0, 0, 2, 0, 1, 1, 0, 1,
0, 0, 0, 0, 0, 0, 0, 0, 0, 0, 0, 0, 0, 0, 0, 0, 0, 0, 0, 0, 0, 2, 2, 2, 0, 0,
0, 0, 0, 0, 0, 0, 0, 0, 0, 0, 0, 0, 0, 0, 0, 0, 0, 0, 0, 0, 0, 0, 1, 0, 1, 2,
0, 0, 0, 0, 0, 0, 0, 0, 0, 0, 0, 0, 0, 0, 0, 0, 0, 0, 0, 0, 0, 0, 0, 1, 2, 1,
0, 0, 0, 0, 0, 0, 0, 0, 0, 0, 0, 0, 0, 0, 0, 0, 0, 0, 0, 0, 0, 0, 0, 0, 2, 2,
0, 0, 0, 0, 0, 0, 0, 0, 0, 0, 0, 0, 0, 0, 0, 0, 0, 0, 0, 0, 0, 0, 0, 0, 0, 1 ]);;

################################
##
## G = F4(5)

x:=GL(26, GF(5)) ! Matrix(GF(5), 26, 26, \[
1, 1, 3, 4, 0, 3, 2, 0, 1, 4, 3, 0, 1, 3, 4, 4, 1, 4, 4, 3, 4, 0, 3, 0, 0, 4,
0, 4, 4, 2, 4, 0, 3, 3, 3, 3, 4, 3, 4, 2, 0, 1, 0, 1, 3, 0, 3, 4, 4, 2, 4, 0,
0, 0, 1, 0, 2, 2, 1, 1, 1, 0, 2, 3, 1, 4, 1, 4, 3, 2, 4, 3, 0, 2, 4, 3, 3, 0,
0, 0, 0, 1, 0, 1, 0, 3, 4, 0, 3, 4, 3, 2, 2, 1, 3, 3, 4, 2, 4, 0, 4, 1, 4, 2,
0, 0, 0, 0, 4, 0, 4, 0, 2, 2, 0, 1, 1, 3, 3, 3, 4, 4, 2, 3, 0, 4, 0, 2, 1, 0,
0, 0, 0, 0, 0, 4, 0, 4, 2, 0, 1, 2, 1, 2, 0, 1, 1, 2, 0, 1, 2, 0, 1, 0, 2, 4,
0, 0, 0, 0, 0, 0, 1, 0, 0, 1, 2, 0, 3, 3, 1, 3, 3, 3, 4, 1, 0, 3, 4, 1, 3, 1,
0, 0, 0, 0, 0, 0, 0, 1, 0, 0, 0, 3, 4, 3, 0, 1, 2, 4, 1, 3, 4, 2, 2, 2, 0, 2,
0, 0, 0, 0, 0, 0, 0, 0, 1, 0, 1, 1, 4, 4, 3, 3, 4, 1, 2, 3, 1, 4, 2, 3, 0, 1,
0, 0, 0, 0, 0, 0, 0, 0, 0, 4, 0, 0, 3, 1, 4, 3, 1, 4, 2, 1, 2, 4, 2, 2, 4, 4,
0, 0, 0, 0, 0, 0, 0, 0, 0, 0, 4, 0, 3, 4, 4, 2, 2, 1, 1, 0, 0, 2, 2, 4, 0, 1,
0, 0, 0, 0, 0, 0, 0, 0, 0, 0, 0, 4, 4, 3, 2, 4, 2, 2, 3, 1, 4, 2, 1, 1, 1, 1,
0, 0, 0, 0, 0, 0, 0, 0, 0, 0, 0, 0, 1, 0, 1, 0, 3, 0, 4, 0, 0, 3, 2, 1, 3, 3,
0, 0, 0, 0, 0, 0, 0, 0, 0, 0, 0, 0, 0, 1, 0, 1, 3, 3, 4, 1, 1, 0, 3, 4, 0, 0,
0, 0, 0, 0, 0, 0, 0, 0, 0, 0, 0, 0, 0, 0, 4, 0, 4, 0, 2, 0, 4, 0, 3, 3, 4, 2,
0, 0, 0, 0, 0, 0, 0, 0, 0, 0, 0, 0, 0, 0, 0, 4, 4, 0, 0, 3, 3, 4, 4, 2, 3, 0,
0, 0, 0, 0, 0, 0, 0, 0, 0, 0, 0, 0, 0, 0, 0, 0, 1, 0, 0, 0, 2, 2, 1, 1, 2, 1,
0, 0, 0, 0, 0, 0, 0, 0, 0, 0, 0, 0, 0, 0, 0, 0, 0, 4, 4, 0, 0, 2, 0, 0, 2, 4,
0, 0, 0, 0, 0, 0, 0, 0, 0, 0, 0, 0, 0, 0, 0, 0, 0, 0, 1, 0, 0, 1, 0, 4, 3, 3,
0, 0, 0, 0, 0, 0, 0, 0, 0, 0, 0, 0, 0, 0, 0, 0, 0, 0, 0, 1, 1, 0, 3, 4, 3, 0,
0, 0, 0, 0, 0, 0, 0, 0, 0, 0, 0, 0, 0, 0, 0, 0, 0, 0, 0, 0, 4, 0, 4, 2, 0, 3,
0, 0, 0, 0, 0, 0, 0, 0, 0, 0, 0, 0, 0, 0, 0, 0, 0, 0, 0, 0, 0, 4, 0, 2, 1, 0,
0, 0, 0, 0, 0, 0, 0, 0, 0, 0, 0, 0, 0, 0, 0, 0, 0, 0, 0, 0, 0, 0, 1, 0, 2, 1,
0, 0, 0, 0, 0, 0, 0, 0, 0, 0, 0, 0, 0, 0, 0, 0, 0, 0, 0, 0, 0, 0, 0, 1, 1, 3,
0, 0, 0, 0, 0, 0, 0, 0, 0, 0, 0, 0, 0, 0, 0, 0, 0, 0, 0, 0, 0, 0, 0, 0, 4, 4,
0, 0, 0, 0, 0, 0, 0, 0, 0, 0, 0, 0, 0, 0, 0, 0, 0, 0, 0, 0, 0, 0, 0, 0, 0, 1 ]);;

################################
##
## G = F4(7)

x:=GL(26, GF(7)) ! Matrix(GF(7), 26, 26, \[
1, 3, 1, 3, 5, 6, 4, 0, 2, 6, 1, 4, 6, 0, 6, 6, 0, 0, 2, 4, 5, 1, 4, 5, 3, 0,
0, 6, 4, 5, 2, 0, 2, 6, 6, 0, 0, 4, 6, 1, 6, 5, 6, 1, 1, 6, 1, 6, 3, 6, 0, 4,
0, 0, 1, 0, 6, 5, 6, 4, 5, 3, 1, 4, 2, 5, 2, 5, 2, 4, 5, 5, 6, 2, 0, 4, 1, 5,
0, 0, 0, 1, 3, 3, 2, 1, 1, 3, 2, 6, 2, 2, 1, 2, 0, 5, 5, 0, 4, 6, 6, 0, 3, 3,
0, 0, 0, 0, 6, 0, 4, 0, 5, 6, 0, 4, 5, 6, 4, 4, 6, 5, 4, 3, 4, 1, 1, 2, 1, 1,
0, 0, 0, 0, 0, 6, 4, 4, 6, 5, 5, 4, 6, 4, 1, 5, 6, 5, 4, 2, 5, 4, 3, 6, 6, 5,
0, 0, 0, 0, 0, 0, 1, 0, 0, 3, 5, 0, 5, 5, 5, 6, 4, 1, 5, 6, 3, 3, 5, 2, 1, 5,
0, 0, 0, 0, 0, 0, 0, 1, 0, 3, 0, 1, 2, 4, 2, 4, 3, 5, 6, 1, 5, 4, 0, 2, 6, 3,
0, 0, 0, 0, 0, 0, 0, 0, 1, 0, 3, 3, 3, 3, 3, 3, 1, 3, 3, 4, 6, 6, 0, 2, 1, 0,
0, 0, 0, 0, 0, 0, 0, 0, 0, 6, 0, 0, 2, 4, 3, 6, 3, 4, 6, 2, 5, 5, 2, 4, 6, 0,
0, 0, 0, 0, 0, 0, 0, 0, 0, 0, 6, 0, 1, 4, 5, 6, 4, 4, 5, 2, 6, 3, 1, 5, 6, 1,
0, 0, 0, 0, 0, 0, 0, 0, 0, 0, 0, 6, 4, 1, 6, 5, 4, 1, 6, 4, 2, 3, 2, 2, 5, 1,
0, 0, 0, 0, 0, 0, 0, 0, 0, 0, 0, 0, 1, 0, 3, 0, 1, 0, 3, 0, 5, 6, 4, 2, 1, 4,
0, 0, 0, 0, 0, 0, 0, 0, 0, 0, 0, 0, 0, 1, 0, 3, 1, 2, 3, 5, 3, 0, 4, 5, 6, 5,
0, 0, 0, 0, 0, 0, 0, 0, 0, 0, 0, 0, 0, 0, 6, 0, 4, 0, 5, 0, 2, 0, 2, 6, 0, 6,
0, 0, 0, 0, 0, 0, 0, 0, 0, 0, 0, 0, 0, 0, 0, 6, 4, 0, 0, 1, 3, 3, 6, 3, 4, 3,
0, 0, 0, 0, 0, 0, 0, 0, 0, 0, 0, 0, 0, 0, 0, 0, 1, 0, 0, 0, 6, 5, 6, 5, 1, 2,
0, 0, 0, 0, 0, 0, 0, 0, 0, 0, 0, 0, 0, 0, 0, 0, 0, 6, 4, 4, 5, 6, 4, 3, 0, 6,
0, 0, 0, 0, 0, 0, 0, 0, 0, 0, 0, 0, 0, 0, 0, 0, 0, 0, 1, 0, 3, 3, 2, 1, 2, 3,
0, 0, 0, 0, 0, 0, 0, 0, 0, 0, 0, 0, 0, 0, 0, 0, 0, 0, 0, 1, 3, 0, 1, 3, 6, 0,
0, 0, 0, 0, 0, 0, 0, 0, 0, 0, 0, 0, 0, 0, 0, 0, 0, 0, 0, 0, 6, 0, 4, 5, 0, 6,
0, 0, 0, 0, 0, 0, 0, 0, 0, 0, 0, 0, 0, 0, 0, 0, 0, 0, 0, 0, 0, 6, 4, 6, 5, 5,
0, 0, 0, 0, 0, 0, 0, 0, 0, 0, 0, 0, 0, 0, 0, 0, 0, 0, 0, 0, 0, 0, 1, 0, 5, 4,
0, 0, 0, 0, 0, 0, 0, 0, 0, 0, 0, 0, 0, 0, 0, 0, 0, 0, 0, 0, 0, 0, 0, 1, 3, 1,
0, 0, 0, 0, 0, 0, 0, 0, 0, 0, 0, 0, 0, 0, 0, 0, 0, 0, 0, 0, 0, 0, 0, 0, 6, 4,
0, 0, 0, 0, 0, 0, 0, 0, 0, 0, 0, 0, 0, 0, 0, 0, 0, 0, 0, 0, 0, 0, 0, 0, 0, 1 ]);;

################################
##
## G = F4(8)

x:=GL(26,8) ! [ GF(2, 3) |
1, 0, 0, 1, 1, 1, 1, W^2, W^2, W^2, W^2, W, W^4, 0, 0, W, 0, W^5, W, W, W, W, W, W^3, W^3, W^2,
0, 1, 0, W^5, W^5, W^5, W^5, 1, 0, 1, 0, W^2, W^2, W^2, W^4, 0, W, 0, W, 0, W^5, W^6, W^6, 0, 0, W^3,
0, 0, 1, W^5, W^5, W^5, W^5, 1, 0, 1, 0, 0, 0, W^2, W, W^2, W^4, 0, W^6, 0, W^6, W, W^5, 0, 0, W^3,
0, 0, 0, 1, 0, 0, 0, 0, W^5, 0, W^5, 1, 0, 1, W^2, 0, 0, W^2, W^4, 0, 0, W, 0, W^5, W^6, W,
0, 0, 0, 0, 1, 0, 0, 0, W^5, 0, W^5, 1, 0, 1, W^2, 0, 0, 0, 0, W^2, W^4, 0, W, W, W^6, W,
0, 0, 0, 0, 0, 1, 0, 0, W^5, 0, W^5, 0, 1, 1, 0, 1, W^2, W^2, W, 0, 0, W^4, 0, W^6, W^5, W,
0, 0, 0, 0, 0, 0, 1, 0, W^5, 0, W^5, 0, 1, 1, 0, 1, W^2, 0, 0, W^2, W, 0, W^4, W^6, W, W,
0, 0, 0, 0, 0, 0, 0, 1, 0, 0, 0, W^5, W^5, 0, 1, W^5, 1, 0, W^2, 0, 0, W^2, 0, 0, 0, W,
0, 0, 0, 0, 0, 0, 0, 0, 1, 0, 0, 0, 0, 0, 0, 0, 0, 1, W^2, 1, W^2, 0, 0, W^4, W, 0, 
0, 0, 0, 0, 0, 0, 0, 0, 0, 1, 0, W^5, W^5, 0, 1, W^5, 1, 0, 0, 0, W^2, 0, W^2, 0, 0, W^5,
0, 0, 0, 0, 0, 0, 0, 0, 0, 0, 1, 0, 0, 0, 0, 0, 0, 1, 0, 1, 0, W^2, W^2, W, W^4, 0, 
0, 0, 0, 0, 0, 0, 0, 0, 0, 0, 0, 1, 0, 0, 0, 0, 0, W^5, 1, W^5, 1, 0, 0, W^2, 0, W,
0, 0, 0, 0, 0, 0, 0, 0, 0, 0, 0, 0, 1, 0, 0, 0, 0, 0, 1, 0, 1, 1, 1, W^2, W^2, 0, 
0, 0, 0, 0, 0, 0, 0, 0, 0, 0, 0, 0, 0, 1, 0, 0, 0, W^5, 1, W^5, 1, 0, 0, 0, W^2, W^4,
0, 0, 0, 0, 0, 0, 0, 0, 0, 0, 0, 0, 0, 0, 1, 0, 0, 0, W^5, 0, W^5, W^5, W^5, 0, 0, W^2,
0, 0, 0, 0, 0, 0, 0, 0, 0, 0, 0, 0, 0, 0, 0, 1, 0, W^5, 0, W^5, 0, 1, 1, 0, W^2, W,
0, 0, 0, 0, 0, 0, 0, 0, 0, 0, 0, 0, 0, 0, 0, 0, 1, 0, W^5, 0, W^5, W^5, W^5, 0, 0, W^2,
0, 0, 0, 0, 0, 0, 0, 0, 0, 0, 0, 0, 0, 0, 0, 0, 0, 1, 0, 0, 0, 0, 0, 1, 1, W^2,
0, 0, 0, 0, 0, 0, 0, 0, 0, 0, 0, 0, 0, 0, 0, 0, 0, 0, 1, 0, 0, 0, 0, W^5, W^5, 1,
0, 0, 0, 0, 0, 0, 0, 0, 0, 0, 0, 0, 0, 0, 0, 0, 0, 0, 0, 1, 0, 0, 0, 1, 1, W^2,
0, 0, 0, 0, 0, 0, 0, 0, 0, 0, 0, 0, 0, 0, 0, 0, 0, 0, 0, 0, 1, 0, 0, W^5, W^5, 1,
0, 0, 0, 0, 0, 0, 0, 0, 0, 0, 0, 0, 0, 0, 0, 0, 0, 0, 0, 0, 0, 1, 0, W^5, W^5, 1,
0, 0, 0, 0, 0, 0, 0, 0, 0, 0, 0, 0, 0, 0, 0, 0, 0, 0, 0, 0, 0, 0, 1, W^5, W^5, 1,
0, 0, 0, 0, 0, 0, 0, 0, 0, 0, 0, 0, 0, 0, 0, 0, 0, 0, 0, 0, 0, 0, 0, 1, 0, 0, 
0, 0, 0, 0, 0, 0, 0, 0, 0, 0, 0, 0, 0, 0, 0, 0, 0, 0, 0, 0, 0, 0, 0, 0, 1, 0,
0, 0, 0, 0, 0, 0, 0, 0, 0, 0, 0, 0, 0, 0, 0, 0, 0, 0, 0, 0, 0, 0, 0, 0, 0, 1 ] where W := GF(2, 3).1;;

## The groups of type E6 #####################################################
##
## The code for E6(q) where q is odd is as follows. Again it can be modified by specifying q.

q:=3;;
Z:=PrimitiveElement(GF(q));;

I:=ScalarMatrix(GF(q),27,1);;
phia:=Matrix(GF(q),27,27,[<1,2,1>,<11,13,1>,<14,16,1>,<17,18,1>,<19,20,1>,<21,22,1>]);;
phib:=Matrix(GF(q),27,27,[<4,5,1>,<6,7,1>,<8,10,1>,<19,21,1>,<20,22,1>,<23,24,1>]);;
phic:=Matrix(GF(q),27,27,[<2,3,1>,<9,11,1>,<12,14,1>,<15,17,1>,<20,23,1>,<22,24,1>]);;
phid:=Matrix(GF(q),27,27,[<3,4,1>,<7,9,1>,<10,12,1>,<17,19,1>,<18,20,1>,<24,25,1>]);;
phie:=Matrix(GF(q),27,27,[<4,6,1>,<5,7,1>,<12,15,1>,<14,17,1>,<16,18,1>,<25,26,1>]);;
phif:=Matrix(GF(q),27,27,[<6,8,1>,<7,10,1>,<9,12,1>,<11,14,1>,<13,16,1>,<26,27,1>]);;

xa:=I+phia;xa:=GL(27,q)!xa;
xb:=I+phib;xb:=GL(27,q)!xb;
xc:=I+phic;xc:=GL(27,q)!xc;
xd:=I+phid;xd:=GL(27,q)!xd;
xe:=I+phie;xe:=GL(27,q)!xe;
xf:=I+phif;xf:=GL(27,q)!xf;

ha:=GL(27,q)!DiagonalMatrix(GF(q),27,[Z,Z^(-1),1,1,1,1,1,1,1,1,Z,1,Z^(-1),Z,1,Z^(-1),Z,Z^(-1),Z,Z^(-1),Z,Z^(-1),1,1,1,1,1]);;

n:=GL(27,q)!Matrix(GF(q),27,27,[<1,10,1>,<7,12,1>,<9,14,1>,<10,15,1>,<11,16,1>,<12,17,1>,<14,18,1>,
<15,21,1>,<17,22,1>,<18,9,1>,<19,24,1>,<20,11,1>,<21,27,1>,<22,19,1>,<23,13,1>,<24,20,1>,<25,23,1>,
<2,1,-1>,<3,2,-1>,<4,3,-1>,<5,8,-1>,<6,5,-1>,<8,7,-1>,<13,4,-1>,<16,6,-1>,<26,25,-1>,<27,26,-1>]);;

S:=sub<GL(27,q)|xa,xb,xc,xd,xe,xf>;;

y:=n^4;;

x:=ha^(Floor((q-1)/2));
while Order(x*y) ne 7 do x:=x^Random(S); end while;
Eigenvalues(x*y);
H:=sub<GL(27,q)|x,y>;
IsIrreducible(H);

## With this we are able to find the following x, which in conjunction with y produces a Hurwitz generating triple.

################################
## G = E6(3)

x:=GL(27, GF(3)) ! Matrix(GF(3), 27, 27, \[ 2, 0, 2, 0, 1, 0, 0, 0, 0, 2, 1, 2, 0, 2, 0, 1, 1, 0, 2, 0, 0, 0, 2, 0, 1, 0, 2, 0, 2, 0, 0, 2, 2, 0, 
2, 1, 1, 2, 0, 2, 2, 1, 1, 2, 2, 1, 1, 0, 0, 2, 0, 1, 0, 2, 0, 0, 1, 0, 0, 0, 0, 0, 0, 0, 2, 0, 0, 0, 0, 2, 2, 0, 0, 0, 0, 0, 1, 0, 1, 0, 2, 0, 
0, 0, 1, 0, 0, 0, 0, 0, 0, 0, 0, 0, 1, 0, 1, 0, 0, 2, 0, 0, 0, 0, 0, 2, 0, 1, 0, 0, 0, 0, 1, 0, 0, 0, 0, 0, 1, 0, 0, 1, 0, 0, 0, 0, 0, 0, 2, 0, 
0, 2, 1, 0, 0, 0, 0, 0, 0, 0, 1, 0, 0, 0, 0, 1, 0, 1, 0, 0, 0, 1, 1, 0, 1, 0, 0, 1, 0, 2, 0, 1, 0, 0, 0, 0, 0, 0, 1, 0, 0, 0, 0, 0, 0, 0, 0, 0, 
1, 0, 0, 0, 0, 1, 0, 2, 0, 2, 1, 0, 0, 0, 0, 0, 0, 0, 1, 0, 0, 0, 0, 0, 1, 0, 1, 0, 0, 2, 0, 0, 0, 0, 0, 2, 0, 1, 0, 0, 0, 0, 0, 0, 0, 0, 1, 0, 
0, 0, 2, 0, 0, 0, 0, 0, 1, 0, 2, 2, 1, 2, 2, 2, 2, 0, 0, 0, 0, 0, 0, 0, 0, 0, 1, 0, 0, 0, 0, 0, 0, 2, 0, 0, 0, 2, 0, 0, 2, 0, 0, 1, 0, 0, 0, 0, 
0, 0, 0, 0, 0, 0, 2, 0, 0, 0, 0, 0, 0, 0, 0, 0, 0, 0, 0, 1, 1, 0, 0, 0, 0, 0, 0, 0, 0, 0, 0, 0, 0, 0, 1, 0, 0, 0, 2, 0, 0, 2, 0, 0, 0, 2, 0, 0, 
0, 0, 0, 0, 0, 0, 0, 0, 0, 0, 0, 0, 0, 0, 2, 0, 0, 0, 0, 0, 0, 0, 0, 0, 1, 2, 0, 2, 0, 0, 0, 0, 0, 0, 0, 0, 0, 0, 0, 0, 0, 0, 2, 0, 0, 0, 0, 0, 
0, 0, 0, 0, 0, 0, 0, 0, 0, 0, 0, 0, 0, 0, 0, 0, 0, 0, 0, 0, 0, 0, 1, 0, 0, 2, 0, 0, 1, 1, 0, 1, 0, 1, 2, 0, 0, 0, 0, 0, 0, 0, 0, 0, 0, 0, 0, 0, 
0, 0, 2, 0, 0, 0, 0, 0, 0, 2, 0, 1, 0, 2, 0, 0, 0, 0, 0, 0, 0, 0, 0, 0, 0, 0, 0, 0, 0, 0, 2, 0, 0, 0, 0, 0, 0, 2, 0, 0, 2, 0, 0, 0, 0, 0, 0, 0, 
0, 0, 0, 0, 0, 0, 0, 0, 0, 0, 2, 0, 0, 0, 0, 0, 1, 0, 1, 0, 0, 0, 0, 0, 0, 0, 0, 0, 0, 0, 0, 0, 0, 0, 0, 0, 0, 0, 2, 0, 0, 0, 2, 0, 2, 0, 1, 0, 
0, 0, 0, 0, 0, 0, 0, 0, 0, 0, 0, 0, 0, 0, 0, 0, 0, 0, 2, 0, 0, 0, 0, 1, 0, 2, 0, 0, 0, 0, 0, 0, 0, 0, 0, 0, 0, 0, 0, 0, 0, 0, 0, 0, 0, 0, 2, 0, 
0, 2, 0, 0, 0, 0, 0, 0, 0, 0, 0, 0, 0, 0, 0, 0, 0, 0, 0, 0, 0, 0, 0, 0, 0, 0, 2, 0, 0, 0, 2, 2, 0, 0, 0, 0, 0, 0, 0, 0, 0, 0, 0, 0, 0, 0, 0, 0, 
0, 0, 0, 0, 0, 0, 1, 0, 0, 0, 0, 0, 0, 0, 0, 0, 0, 0, 0, 0, 0, 0, 0, 0, 0, 0, 0, 0, 0, 0, 0, 0, 0, 0, 1, 0, 0, 0, 0, 0, 0, 0, 0, 0, 0, 0, 0, 0, 
0, 0, 0, 0, 0, 0, 0, 0, 0, 0, 0, 0, 0, 0, 1, 0, 0, 0, 0, 0, 0, 0, 0, 0, 0, 0, 0, 0, 0, 0, 0, 0, 0, 0, 0, 0, 0, 0, 0, 0, 0, 0, 1, 0, 0, 0, 0, 0, 
0, 0, 0, 0, 0, 0, 0, 0, 0, 0, 0, 0, 0, 0, 0, 0, 0, 0, 0, 0, 0, 0, 1 ]);;

## The group of type E7 #####################################################
##
## The code for E7(q) in all characteristics is as follows and again can be modified by specifying q.

q:=2;;
Z:=PrimitiveElement(GF(q));;

I:=ScalarMatrix(GF(q),56,1);;
phia:=Matrix(GF(q),56,56,[<7,8,1>,<9,10,1>,<11,12,1>,<13,15,1>,<16,18,1>,<19,22,1>,<35,38,1>,<39,41,1>,<42,44,1>,<45,46,1>,<47,48,1>,<49,50,1>]);;
phib:=Matrix(GF(q),56,56,[<5,6,1>,<7,9,1>,<8,10,1>,<20,23,1>,<24,26,1>,<27,29,1>,<28,30,1>,<31,33,1>,<34,37,1>,<47,49,1>,<48,50,1>,<51,52,1>]);;
phic:=Matrix(GF(q),56,56,[<5,7,1>,<6,9,1>,<12,14,1>,<15,17,1>,<18,21,1>,<22,25,1>,<32,35,1>,<36,39,1>,<40,42,1>,<43,45,1>,<48,51,1>,<50,52,1>]);;
phid:=Matrix(GF(q),56,56,[<4,5,1>,<9,11,1>,<10,12,1>,<17,20,1>,<21,24,1>,<25,28,1>,<29,32,1>,<33,36,1>,<37,40,1>,<45,47,1>,<46,48,1>,<52,53,1>]);;
phie:=Matrix(GF(q),56,56,[<3,4,1>,<11,13,1>,<12,15,1>,<14,17,1>,<24,27,1>,<26,29,1>,<28,31,1>,<30,33,1>,<40,43,1>,<42,45,1>,<44,46,1>,<53,54,1>]);;
phif:=Matrix(GF(q),56,56,[<2,3,1>,<13,16,1>,<15,18,1>,<17,21,1>,<20,24,1>,<23,26,1>,<31,34,1>,<33,37,1>,<36,40,1>,<39,42,1>,<41,44,1>,<54,55,1>]);;
phig:=Matrix(GF(q),56,56,[<1,2,1>,<16,19,1>,<18,22,1>,<21,25,1>,<24,28,1>,<26,30,1>,<27,31,1>,<29,33,1>,<32,36,1>,<35,39,1>,<38,41,1>,<55,56,1>]);;

xa:=I+phia;xa:=GL(56,q)!xa;
xb:=I+phib;xb:=GL(56,q)!xb;
xc:=I+phic;xc:=GL(56,q)!xc;
xd:=I+phid;xd:=GL(56,q)!xd;
xe:=I+phie;xe:=GL(56,q)!xe;
xf:=I+phif;xf:=GL(56,q)!xf;
xg:=I+phig;xg:=GL(56,q)!xg;

hahg:=(I+Z*phia)*Transpose(I-Z^(-1)*phia)*(I+Z*phia)*(I-phia)*Transpose(I+phia)*(I-phia)*(I+Z*phig)*Transpose(I-Z^(-1)*phig)*(I+Z*phig)*(I-phig)*Transpose(I+phig)*(I-phig);;
hahg:=GL(56,q)!hahg;;

hg:=GL(56,q)!DiagonalMatrix(GF(q),56,[Z,Z^(-1),1,1,1,1,1,1,1,1,1,1,1,1,1,Z,1,Z,Z^(-1),1,Z,Z^(-1),1,Z,Z^(-1),Z,Z,Z^(-1),Z,Z^(-1),Z^(-1),Z,Z^(-1),1,Z,Z^(-1),1,Z,Z^(-1),1,Z^(-1),1,1,1,1,1,1,1,1,1,1,1,1,1,Z,Z^(-1)]);;

n:=GL(56,q)!Matrix(GF(q),56,56,[<1,10,1>,<9,12,1>,<10,14,1>,<11,15,1>,<12,17,1>,<13,18,1>,<14,23,1>,<15,21,1>,<16,22,1>,<17,26,1>,<18,25,1>,<19,5,1>,<20,29,1>,<21,30,1>,<22,7,1>,<23,38,1>,<24,33,1>,<26,41,1>,<27,37,1>,<29,44,1>,<32,46,1>,<35,50,1>,<38,52,1>,<39,32,1>,<41,35,1>,<42,36,1>,<44,39,1>,<45,40,1>,<46,42,1>,<47,43,1>,<48,45,1>,<51,49,1>,<52,53,1>,<53,54,1>,<54,55,1>,<55,56,1>,<2,1,-1>,<3,2,-1>,<4,3,-1>,<5,4,-1>,<6,8,-1>,<7,6,-1>,<8,9,-1>,<25,11,-1>,<28,13,-1>,<30,20,-1>,<31,16,-1>,<33,24,-1>,<34,19,-1>,<36,27,-1>,<37,28,-1>,<40,31,-1>,<43,34,-1>,<49,48,-1>,<50,51,-1>,<56,47,-1>]);;

if q mod 2 eq 0 then x:=xb*xc*xe*xg;; else x:=(hahg)^Floor((q-1)/2); end if;
y:=n^6;;

S:=sub<GL(56,q)|xa,xb,xc,xd,xe,xf,xg,x>;;

while Order(x*y) ne 7 do x:=x^Random(S); end while;

Eigenvalues(x*y);
H:=sub<GL(56,q)|x,y>;
IsIrreducible(H);

################################
## G = E7(2)

x:=GL(56, GF(2)) ! Matrix(GF(2), 56, 56, \[ 1, 1, 0, 0, 0, 1, 1, 1, 0, 0, 1, 1, 0, 0, 0, 1, 1, 1, 0, 0, 1, 0, 1, 1, 1, 0, 1, 1, 1, 0, 1, 1, 0, 0, 
0, 1, 1, 1, 0, 1, 1, 1, 1, 1, 0, 0, 0, 0, 0, 1, 0, 1, 0, 0, 1, 1, 0, 1, 0, 0, 0, 0, 0, 0, 0, 0, 0, 0, 0, 1, 1, 0, 0, 0, 1, 0, 0, 1, 1, 0, 1, 0, 
0, 1, 0, 1, 0, 0, 1, 0, 0, 0, 0, 1, 1, 0, 1, 1, 1, 1, 0, 1, 0, 1, 1, 0, 0, 0, 1, 1, 1, 1, 0, 0, 1, 1, 1, 1, 0, 1, 0, 1, 0, 0, 0, 0, 0, 0, 0, 1, 
0, 0, 1, 0, 0, 1, 1, 0, 0, 0, 1, 0, 1, 1, 1, 1, 0, 0, 0, 1, 0, 0, 0, 1, 1, 1, 1, 1, 1, 1, 1, 1, 0, 1, 0, 1, 1, 0, 0, 0, 0, 1, 0, 1, 1, 1, 0, 1, 
1, 1, 0, 1, 0, 0, 0, 0, 1, 0, 1, 1, 0, 0, 0, 1, 1, 0, 1, 1, 1, 1, 1, 1, 1, 1, 1, 0, 1, 1, 0, 0, 1, 1, 0, 0, 0, 0, 1, 0, 1, 1, 1, 0, 1, 0, 0, 0, 
0, 0, 1, 1, 1, 1, 1, 1, 0, 1, 0, 1, 1, 0, 1, 0, 0, 1, 0, 0, 1, 1, 0, 1, 1, 0, 1, 0, 1, 1, 1, 1, 1, 0, 1, 1, 0, 1, 1, 1, 0, 0, 0, 1, 0, 1, 0, 0, 
1, 0, 1, 1, 0, 1, 0, 0, 0, 0, 0, 1, 0, 0, 1, 1, 1, 1, 0, 0, 1, 0, 1, 0, 1, 1, 0, 1, 1, 0, 0, 1, 0, 0, 1, 1, 1, 1, 1, 0, 0, 1, 1, 1, 1, 1, 0, 1, 
0, 1, 1, 0, 1, 0, 0, 0, 1, 1, 1, 0, 0, 0, 0, 0, 0, 0, 0, 0, 1, 0, 1, 0, 1, 0, 1, 0, 0, 0, 0, 0, 1, 1, 0, 0, 1, 0, 1, 0, 1, 0, 1, 1, 0, 1, 1, 1, 
0, 1, 1, 0, 1, 1, 1, 0, 0, 0, 0, 1, 0, 1, 0, 0, 0, 0, 0, 1, 0, 1, 0, 0, 0, 0, 0, 0, 0, 1, 0, 1, 0, 1, 0, 1, 1, 0, 1, 0, 0, 1, 0, 1, 1, 0, 1, 0, 
0, 0, 0, 0, 1, 0, 1, 1, 0, 0, 1, 1, 0, 1, 1, 1, 1, 1, 1, 0, 1, 0, 1, 0, 0, 0, 1, 1, 1, 0, 0, 0, 0, 0, 0, 0, 0, 0, 1, 0, 0, 0, 1, 1, 0, 0, 0, 0, 
0, 1, 0, 0, 1, 0, 1, 0, 0, 0, 1, 0, 1, 0, 1, 0, 1, 0, 1, 1, 0, 0, 0, 0, 1, 1, 1, 1, 0, 1, 0, 1, 0, 1, 0, 1, 1, 0, 0, 0, 0, 0, 0, 0, 0, 0, 0, 1, 
0, 0, 0, 1, 1, 0, 1, 0, 0, 1, 0, 0, 1, 0, 1, 0, 0, 0, 0, 0, 1, 0, 1, 0, 0, 0, 1, 0, 0, 0, 0, 1, 1, 0, 1, 1, 1, 0, 1, 0, 1, 0, 0, 1, 0, 0, 0, 0, 
0, 0, 0, 0, 0, 0, 0, 0, 1, 0, 1, 1, 0, 0, 1, 0, 0, 0, 0, 0, 0, 0, 0, 0, 0, 1, 0, 1, 1, 1, 1, 0, 1, 0, 0, 1, 1, 1, 0, 0, 1, 1, 0, 1, 1, 1, 0, 1, 
0, 1, 0, 1, 1, 0, 0, 0, 0, 0, 0, 0, 0, 0, 0, 0, 0, 1, 0, 1, 1, 0, 1, 0, 0, 1, 0, 0, 1, 0, 0, 0, 0, 1, 0, 1, 1, 0, 1, 0, 0, 0, 0, 0, 0, 1, 1, 1, 
1, 0, 1, 0, 1, 1, 1, 0, 1, 0, 0, 1, 0, 0, 0, 0, 0, 0, 0, 0, 0, 0, 0, 0, 0, 0, 1, 0, 0, 0, 1, 0, 0, 1, 0, 0, 0, 0, 0, 0, 0, 0, 0, 0, 1, 0, 1, 0, 
1, 0, 0, 0, 0, 0, 1, 0, 1, 0, 0, 1, 0, 1, 1, 0, 1, 0, 1, 1, 1, 1, 0, 0, 0, 0, 0, 0, 0, 0, 0, 0, 0, 0, 0, 1, 0, 0, 1, 0, 0, 1, 0, 0, 1, 0, 0, 0, 
0, 0, 0, 1, 0, 0, 1, 0, 0, 1, 0, 1, 0, 0, 1, 1, 0, 1, 1, 1, 1, 1, 1, 0, 0, 0, 1, 1, 1, 1, 0, 0, 0, 0, 0, 0, 0, 0, 0, 0, 0, 0, 0, 0, 1, 0, 1, 0, 
0, 1, 0, 0, 1, 0, 0, 0, 0, 0, 0, 0, 1, 0, 1, 0, 0, 0, 0, 1, 0, 0, 1, 0, 1, 0, 1, 0, 1, 0, 1, 0, 1, 1, 0, 1, 1, 1, 0, 0, 0, 0, 0, 0, 0, 0, 0, 0, 
0, 0, 0, 0, 0, 1, 0, 0, 1, 0, 1, 0, 0, 1, 1, 0, 1, 1, 0, 0, 1, 1, 0, 1, 0, 1, 1, 1, 0, 0, 1, 1, 1, 1, 1, 0, 0, 0, 1, 1, 0, 1, 0, 0, 1, 1, 0, 0, 
0, 0, 0, 0, 0, 0, 0, 0, 0, 0, 0, 0, 0, 0, 1, 0, 0, 0, 0, 0, 1, 0, 0, 0, 0, 0, 0, 0, 0, 0, 1, 0, 0, 0, 0, 0, 0, 0, 0, 0, 0, 0, 1, 1, 0, 0, 1, 1, 
1, 1, 1, 0, 0, 1, 0, 0, 0, 0, 0, 0, 0, 0, 0, 0, 0, 0, 0, 0, 0, 0, 0, 1, 0, 0, 1, 1, 0, 1, 1, 1, 0, 1, 0, 1, 0, 0, 0, 1, 0, 0, 1, 0, 0, 0, 0, 0, 
0, 0, 0, 1, 0, 0, 0, 1, 1, 0, 1, 0, 1, 0, 0, 0, 0, 0, 0, 0, 0, 0, 0, 0, 0, 0, 0, 0, 0, 0, 0, 0, 1, 0, 0, 0, 0, 0, 1, 0, 0, 1, 0, 0, 1, 0, 0, 0, 
0, 1, 0, 0, 0, 0, 1, 1, 1, 0, 0, 1, 0, 1, 1, 0, 1, 1, 0, 1, 1, 1, 0, 0, 0, 0, 0, 0, 0, 0, 0, 0, 0, 0, 0, 0, 0, 0, 0, 0, 0, 1, 0, 0, 1, 0, 0, 0, 
0, 0, 0, 0, 0, 0, 0, 0, 0, 1, 0, 0, 1, 0, 1, 0, 0, 0, 0, 0, 1, 1, 1, 1, 1, 1, 1, 0, 0, 1, 0, 0, 0, 0, 0, 0, 0, 0, 0, 0, 0, 0, 0, 0, 0, 0, 0, 0, 
0, 0, 1, 0, 0, 0, 1, 1, 1, 0, 0, 1, 1, 1, 0, 0, 0, 1, 1, 1, 0, 0, 1, 0, 1, 0, 0, 0, 0, 0, 0, 1, 1, 0, 1, 0, 0, 1, 0, 0, 0, 0, 0, 0, 0, 0, 0, 0, 
0, 0, 0, 0, 0, 0, 0, 0, 0, 0, 0, 1, 0, 0, 1, 0, 0, 1, 0, 1, 0, 0, 0, 0, 0, 0, 0, 0, 0, 0, 0, 0, 0, 1, 0, 1, 0, 1, 0, 0, 0, 1, 1, 0, 0, 0, 0, 0, 
0, 0, 0, 0, 0, 0, 0, 0, 0, 0, 0, 0, 0, 0, 0, 0, 0, 0, 0, 0, 1, 0, 0, 0, 0, 0, 0, 0, 0, 0, 0, 0, 0, 0, 0, 0, 1, 0, 1, 0, 0, 0, 0, 0, 0, 0, 1, 1, 
0, 1, 1, 1, 0, 0, 0, 0, 0, 0, 0, 0, 0, 0, 0, 0, 0, 0, 0, 0, 0, 0, 0, 0, 0, 0, 0, 0, 0, 1, 0, 1, 1, 1, 1, 1, 1, 0, 1, 0, 0, 0, 0, 0, 0, 1, 0, 1, 
1, 1, 1, 1, 1, 1, 1, 1, 1, 1, 1, 1, 1, 0, 0, 0, 0, 0, 0, 0, 0, 0, 0, 0, 0, 0, 0, 0, 0, 0, 0, 0, 0, 0, 0, 0, 0, 0, 1, 0, 0, 0, 0, 1, 1, 0, 0, 0, 
0, 1, 0, 0, 0, 0, 1, 0, 0, 0, 0, 1, 0, 0, 0, 1, 1, 1, 1, 1, 0, 1, 0, 0, 0, 0, 0, 0, 0, 0, 0, 0, 0, 0, 0, 0, 0, 0, 0, 0, 0, 0, 0, 0, 0, 0, 0, 1, 
0, 0, 1, 1, 0, 1, 1, 0, 0, 1, 0, 1, 0, 0, 1, 1, 0, 1, 1, 1, 1, 1, 1, 0, 1, 1, 1, 1, 0, 1, 0, 0, 0, 0, 0, 0, 0, 0, 0, 0, 0, 0, 0, 0, 0, 0, 0, 0, 
0, 0, 0, 0, 0, 0, 0, 0, 1, 0, 1, 0, 1, 1, 1, 0, 1, 1, 0, 0, 1, 0, 0, 0, 1, 0, 1, 1, 0, 0, 0, 1, 1, 0, 1, 0, 1, 0, 0, 0, 0, 0, 0, 0, 0, 0, 0, 0, 
0, 0, 0, 0, 0, 0, 0, 0, 0, 0, 0, 0, 0, 0, 0, 0, 0, 1, 0, 1, 1, 0, 1, 0, 0, 0, 0, 0, 0, 0, 0, 0, 0, 0, 0, 0, 0, 1, 0, 1, 1, 1, 1, 1, 0, 1, 0, 0, 
0, 0, 0, 0, 0, 0, 0, 0, 0, 0, 0, 0, 0, 0, 0, 0, 0, 0, 0, 0, 0, 0, 0, 0, 0, 0, 1, 0, 0, 0, 1, 0, 1, 0, 0, 1, 1, 0, 1, 0, 0, 0, 1, 1, 0, 0, 0, 0, 
0, 0, 0, 0, 1, 1, 0, 0, 0, 0, 0, 0, 0, 0, 0, 0, 0, 0, 0, 0, 0, 0, 0, 0, 0, 0, 0, 0, 0, 0, 0, 0, 0, 0, 0, 1, 0, 0, 1, 0, 0, 1, 0, 0, 0, 0, 1, 0, 
0, 0, 0, 0, 0, 0, 0, 1, 0, 1, 1, 0, 0, 1, 0, 0, 0, 0, 0, 0, 0, 0, 0, 0, 0, 0, 0, 0, 0, 0, 0, 0, 0, 0, 0, 0, 0, 0, 0, 0, 0, 0, 0, 0, 1, 0, 1, 0, 
0, 1, 0, 0, 1, 0, 0, 0, 0, 0, 0, 0, 0, 0, 0, 0, 1, 1, 1, 0, 0, 0, 0, 0, 0, 0, 0, 0, 0, 0, 0, 0, 0, 0, 0, 0, 0, 0, 0, 0, 0, 0, 0, 0, 0, 0, 0, 0, 
0, 0, 0, 0, 0, 1, 0, 0, 1, 1, 0, 1, 1, 0, 1, 0, 0, 0, 0, 0, 1, 1, 1, 1, 0, 0, 0, 1, 1, 1, 0, 0, 0, 0, 0, 0, 0, 0, 0, 0, 0, 0, 0, 0, 0, 0, 0, 0, 
0, 0, 0, 0, 0, 0, 0, 0, 0, 0, 0, 0, 0, 0, 1, 0, 0, 0, 0, 0, 1, 0, 1, 0, 0, 0, 0, 0, 0, 0, 0, 0, 0, 1, 0, 1, 0, 1, 0, 0, 0, 0, 0, 0, 0, 0, 0, 0, 
0, 0, 0, 0, 0, 0, 0, 0, 0, 0, 0, 0, 0, 0, 0, 0, 0, 0, 0, 0, 0, 0, 0, 1, 0, 0, 1, 0, 0, 1, 0, 1, 1, 0, 1, 0, 1, 1, 1, 1, 1, 1, 0, 0, 1, 1, 0, 0, 
0, 0, 0, 0, 0, 0, 0, 0, 0, 0, 0, 0, 0, 0, 0, 0, 0, 0, 0, 0, 0, 0, 0, 0, 0, 0, 0, 0, 0, 0, 0, 0, 1, 0, 0, 0, 1, 0, 0, 0, 0, 0, 0, 0, 0, 0, 1, 0, 
1, 0, 1, 0, 1, 0, 0, 0, 0, 0, 0, 0, 0, 0, 0, 0, 0, 0, 0, 0, 0, 0, 0, 0, 0, 0, 0, 0, 0, 0, 0, 0, 0, 0, 0, 0, 0, 0, 0, 0, 0, 1, 0, 0, 1, 0, 1, 0, 
0, 0, 0, 0, 0, 0, 0, 0, 0, 0, 1, 1, 0, 1, 0, 0, 0, 0, 0, 0, 0, 0, 0, 0, 0, 0, 0, 0, 0, 0, 0, 0, 0, 0, 0, 0, 0, 0, 0, 0, 0, 0, 0, 0, 0, 0, 0, 0, 
0, 0, 1, 0, 0, 0, 0, 1, 1, 1, 1, 0, 1, 1, 1, 1, 1, 1, 0, 0, 0, 0, 0, 0, 0, 0, 0, 0, 0, 0, 0, 0, 0, 0, 0, 0, 0, 0, 0, 0, 0, 0, 0, 0, 0, 0, 0, 0, 
0, 0, 0, 0, 0, 0, 0, 0, 0, 0, 0, 1, 0, 0, 1, 0, 0, 0, 0, 0, 0, 0, 0, 1, 1, 0, 1, 0, 1, 0, 0, 0, 0, 0, 0, 0, 0, 0, 0, 0, 0, 0, 0, 0, 0, 0, 0, 0, 
0, 0, 0, 0, 0, 0, 0, 0, 0, 0, 0, 0, 0, 0, 0, 0, 0, 0, 0, 0, 1, 0, 0, 0, 0, 0, 0, 0, 0, 0, 0, 0, 0, 0, 0, 1, 0, 1, 0, 0, 0, 0, 0, 0, 0, 0, 0, 0, 
0, 0, 0, 0, 0, 0, 0, 0, 0, 0, 0, 0, 0, 0, 0, 0, 0, 0, 0, 0, 0, 0, 0, 0, 0, 0, 0, 0, 0, 1, 0, 1, 1, 1, 1, 1, 1, 0, 1, 0, 1, 1, 0, 0, 0, 1, 0, 0, 
0, 0, 0, 0, 0, 0, 0, 0, 0, 0, 0, 0, 0, 0, 0, 0, 0, 0, 0, 0, 0, 0, 0, 0, 0, 0, 0, 0, 0, 0, 0, 0, 0, 0, 0, 0, 0, 0, 1, 0, 0, 0, 0, 0, 0, 0, 0, 0, 
0, 0, 0, 0, 0, 1, 0, 0, 0, 0, 0, 0, 0, 0, 0, 0, 0, 0, 0, 0, 0, 0, 0, 0, 0, 0, 0, 0, 0, 0, 0, 0, 0, 0, 0, 0, 0, 0, 0, 0, 0, 0, 0, 0, 0, 0, 0, 1, 
0, 0, 1, 0, 1, 0, 1, 0, 1, 1, 0, 0, 1, 0, 0, 0, 0, 0, 0, 0, 0, 0, 0, 0, 0, 0, 0, 0, 0, 0, 0, 0, 0, 0, 0, 0, 0, 0, 0, 0, 0, 0, 0, 0, 0, 0, 0, 0, 
0, 0, 0, 0, 0, 0, 0, 0, 1, 0, 1, 1, 1, 1, 1, 0, 0, 1, 1, 0, 1, 0, 0, 0, 0, 0, 0, 0, 0, 0, 0, 0, 0, 0, 0, 0, 0, 0, 0, 0, 0, 0, 0, 0, 0, 0, 0, 0, 
0, 0, 0, 0, 0, 0, 0, 0, 0, 0, 0, 0, 0, 0, 0, 0, 0, 1, 0, 1, 0, 1, 0, 1, 0, 0, 0, 0, 0, 0, 0, 0, 0, 0, 0, 0, 0, 0, 0, 0, 0, 0, 0, 0, 0, 0, 0, 0, 
0, 0, 0, 0, 0, 0, 0, 0, 0, 0, 0, 0, 0, 0, 0, 0, 0, 0, 0, 0, 0, 0, 0, 0, 0, 0, 1, 0, 0, 0, 1, 0, 1, 1, 1, 0, 0, 1, 0, 0, 0, 0, 0, 0, 0, 0, 0, 0, 
0, 0, 0, 0, 0, 0, 0, 0, 0, 0, 0, 0, 0, 0, 0, 0, 0, 0, 0, 0, 0, 0, 0, 0, 0, 0, 0, 0, 0, 0, 0, 0, 0, 0, 0, 1, 0, 0, 0, 1, 1, 0, 1, 0, 0, 1, 0, 0, 
0, 0, 0, 0, 0, 0, 0, 0, 0, 0, 0, 0, 0, 0, 0, 0, 0, 0, 0, 0, 0, 0, 0, 0, 0, 0, 0, 0, 0, 0, 0, 0, 0, 0, 0, 0, 0, 0, 0, 0, 0, 0, 0, 0, 1, 0, 1, 0, 
1, 1, 1, 1, 0, 0, 0, 0, 0, 0, 0, 0, 0, 0, 0, 0, 0, 0, 0, 0, 0, 0, 0, 0, 0, 0, 0, 0, 0, 0, 0, 0, 0, 0, 0, 0, 0, 0, 0, 0, 0, 0, 0, 0, 0, 0, 0, 0, 
0, 0, 0, 0, 0, 1, 0, 1, 1, 1, 0, 0, 0, 0, 0, 0, 0, 0, 0, 0, 0, 0, 0, 0, 0, 0, 0, 0, 0, 0, 0, 0, 0, 0, 0, 0, 0, 0, 0, 0, 0, 0, 0, 0, 0, 0, 0, 0, 
0, 0, 0, 0, 0, 0, 0, 0, 0, 0, 0, 0, 0, 0, 1, 0, 0, 1, 1, 1, 0, 1, 0, 0, 0, 0, 0, 0, 0, 0, 0, 0, 0, 0, 0, 0, 0, 0, 0, 0, 0, 0, 0, 0, 0, 0, 0, 0, 
0, 0, 0, 0, 0, 0, 0, 0, 0, 0, 0, 0, 0, 0, 0, 0, 0, 0, 0, 0, 0, 0, 0, 1, 0, 1, 1, 0, 0, 1, 0, 0, 0, 0, 0, 0, 0, 0, 0, 0, 0, 0, 0, 0, 0, 0, 0, 0, 
0, 0, 0, 0, 0, 0, 0, 0, 0, 0, 0, 0, 0, 0, 0, 0, 0, 0, 0, 0, 0, 0, 0, 0, 0, 0, 0, 0, 0, 0, 0, 0, 1, 1, 1, 1, 0, 1, 0, 0, 0, 0, 0, 0, 0, 0, 0, 0, 
0, 0, 0, 0, 0, 0, 0, 0, 0, 0, 0, 0, 0, 0, 0, 0, 0, 0, 0, 0, 0, 0, 0, 0, 0, 0, 0, 0, 0, 0, 0, 0, 0, 0, 0, 0, 0, 0, 0, 0, 0, 1, 0, 1, 0, 0, 0, 0, 
0, 0, 0, 0, 0, 0, 0, 0, 0, 0, 0, 0, 0, 0, 0, 0, 0, 0, 0, 0, 0, 0, 0, 0, 0, 0, 0, 0, 0, 0, 0, 0, 0, 0, 0, 0, 0, 0, 0, 0, 0, 0, 0, 0, 0, 0, 0, 0, 
0, 0, 1, 1, 0, 0, 0, 0, 0, 0, 0, 0, 0, 0, 0, 0, 0, 0, 0, 0, 0, 0, 0, 0, 0, 0, 0, 0, 0, 0, 0, 0, 0, 0, 0, 0, 0, 0, 0, 0, 0, 0, 0, 0, 0, 0, 0, 0, 
0, 0, 0, 0, 0, 0, 0, 0, 0, 0, 0, 1, 0, 0, 0, 0, 0, 0, 0, 0, 0, 0, 0, 0, 0, 0, 0, 0, 0, 0, 0, 0, 0, 0, 0, 0, 0, 0, 0, 0, 0, 0, 0, 0, 0, 0, 0, 0, 
0, 0, 0, 0, 0, 0, 0, 0, 0, 0, 0, 0, 0, 0, 0, 0, 0, 0, 0, 0, 1, 1, 0, 0, 0, 0, 0, 0, 0, 0, 0, 0, 0, 0, 0, 0, 0, 0, 0, 0, 0, 0, 0, 0, 0, 0, 0, 0, 
0, 0, 0, 0, 0, 0, 0, 0, 0, 0, 0, 0, 0, 0, 0, 0, 0, 0, 0, 0, 0, 0, 0, 0, 0, 0, 0, 0, 0, 1 ]);;
